gamma = 0.715168
beta = 0.0254128
MAPE = 2.20279

:        F          L          R           APE        :=
0       0         18.8      0.5             .
1      19.3       18.2272   0.472738   0.0842697
2      18.7       18.7      0.472739   7.44746e-07
3      19.1727    19.3353   0.476869   0.0117147
4      19.8121    19.9465   0.480283   0.00939317
5      20.4268    20.5507   0.483432   0.00840904
6      21.0341    21.1527   0.486447   0.00782588
7      21.6392    21.9687   0.494822   0.0208511
8      22.4636    22.132    0.486397   0.0210713
9      22.6184    22.2477   0.476974   0.0234586
10     22.7246    22.9216   0.481979   0.0119721
11     23.4035    23.401    0.481914   0.000151628
12     23.8829    23.7521   0.47859    0.00771836
13     24.2307    23.9942   0.47258    0.0138365
14     24.4668    24.8481   0.482271   0.0213291
15     25.3304    25.4517   0.485353   0.00665135
16     25.937     26.0536   0.488315   0.00624355
17     26.5419    26.5119   0.487554   0.00158113
18     26.9995    28.0011   0.513007   0.0493138
19     28.5141    28.5755   0.514568   0.00300361
20     29.0901    29.0257   0.512931   0.00310691
21     29.5386    30.0116   0.524952   0.0219009
22     30.5366    31.6547   0.553366   0.0487052
23     32.208     31.9162   0.54595    0.0128317
24     32.4622    31.345    0.517558   0.0505558
25     31.8625    32.0324   0.521875   0.00739827
26     32.5542    34.0888   0.560873   0.0618377
27     34.6497    35.1863   0.574509   0.0211952
28     35.7608    36.4325   0.591579   0.0255914
29     37.0241    38.3657   0.625673   0.0482246
30     38.9913    40.7855   0.671266   0.0604495
31     41.4567    40.6295   0.650243   0.0287028
32     41.2797    40.5791   0.632438   0.0243105
33     41.2115    41.5609   0.641316   0.0117148
34     42.2022    43.1303   0.664903   0.0298351
35     43.7952    43.5841   0.659537   0.00678715
36     44.2436    43.6403   0.644205   0.0194385
37     44.2845    44.6532   0.653574   0.0115067
38     45.3067    46.0886   0.673443   0.0235616
39     46.762     45.4304   0.639602   0.041471
40     46.07      45.0187   0.612886   0.032959
41     45.6316    45.609    0.612312   0.000692554
42     46.2213    45.9915   0.606472   0.00700015
43     46.598     46.0273   0.591969   0.0174234
44     46.6193    46.4625   0.587984   0.00472548
45     47.0504    49.0168   0.637956   0.0552121
46     49.6548    50.3308   0.655134   0.01868
47     50.9859    50.7814   0.649938   0.00563924
48     51.4314    51.3374   0.647551   0.0025609
49     51.985     52.997    0.673268   0.0264987
50     53.6702    54.5497   0.695618   0.0224003
51     55.2453    55.3559   0.698429   0.00279172
52     56.0544    55.5864   0.686536   0.0118119
53     56.2729    58.1517   0.734282   0.0446023
54     58.886     60.97     0.787242   0.047152
55     61.7572    63.2182   0.824368   0.0320181
56     64.0425    64.4412   0.8345     0.00862962
57     65.2757    67.6531   0.894917   0.048459
58     68.5481    70.4446   0.943115   0.0372464
59     71.3878    71.182    0.937885   0.0040472
60     72.1198    70.2462   0.890271   0.0376956
61     71.1365    71.1104   0.889608   0.000513171
62     72         72        0.889608   1.39148e-13
63     72.8896    70.537    0.829821   0.0472645
64     71.3668    66.5989   0.708655   0.103042
65     67.3076    67.3737   0.710335   0.00137131
66     68.084     70.0979   0.761514   0.0397178
67     70.8594    71.8182   0.785878   0.0185674
68     72.604     72.3151   0.778535   0.00559614
69     73.0936    74.1709   0.805913   0.0201928
70     74.9768    76.7098   0.849952   0.0313069
71     77.5598    77.1594   0.839779   0.00726962
72     77.9992    77.2131   0.819801   0.0142941
73     78.0329    80.0834   0.871909   0.0354401
74     80.9553    82.4891   0.910889   0.0258091
75     83.4       83.4      0.910889   6.08909e-10
76     84.3109    83.3734   0.887064   0.0157938
77     84.2604    85.5045   0.918679   0.0202274
78     86.4232    88.123    0.961876   0.0267658
79     89.0849    89.2387   0.965786   0.00240887
80     90.2045    89.1285   0.938442   0.0169618
81     90.067     91.0203   0.962669   0.0145845
82     91.983     93.354    0.99751    0.0204155
83     94.3515    92.7413   0.95659    0.0244461
84     93.6979    90.7672   0.882114   0.0457353
85     91.6493    91.6856   0.883035   0.000552656
86     92.5686    94.4505   0.930859   0.0276408
87     95.3814    95.3232   0.92938    0.000853645
88     96.2526    95.2137   0.902981   0.0153223
89     96.1167    97.6781   0.942661   0.0222104
90     98.6208   100.68     0.994989   0.0283666
91    101.675    101.264    0.984541   0.00568644
92    102.248     99.9967   0.927322   0.0317688
93    100.924    102.266    0.961416   0.0182485
94    103.227    105.997    1.0318     0.0361616
95    107.029    108.51     1.06945    0.0189856
96    109.579    109.237    1.06074    0.00439478
97    110.297    112.373    1.11349    0.0256422
98    113.487    114.211    1.13191    0.00884969
99    115.343    112.809    1.06751    0.0316931
100   113.877    111.033    0.995234   0.0361852
101   112.028    112.008    0.994726   0.000249455
102   113.003    115.432    1.05647    0.0291866
103   116.489    115.496    1.03123    0.0120661
104   116.527    113.575    0.956227   0.0367154
105   114.532    115.153    0.972009   0.0075245
106   116.125    117.966    1.01881    0.021696
107   118.985    118.138    0.997272   0.0100618
108   119.135    116.392    0.927575   0.03326
109   117.32     117.52     0.932666   0.00238206
110   118.453    120.918    0.995316   0.0282783
111   121.913    123.12     1.02597    0.0136451
112   124.146    124.041    1.02332    0.0011741
113   125.065    129.095    1.12574    0.0431156
114   130.221    135.069    1.24895    0.0494843
115   136.318    136.448    1.25226    0.00133352
116   137.7      134.982    1.18319    0.0283825
117   136.166    138.979    1.25469    0.0280823
118   140.234    144.143    1.35403    0.037515
119   145.497    143.783    1.31046    0.0167516
120   145.093    139.591    1.17064    0.0559916
;

